10087.639,3.125,13.8,2.1
9636.832,167556.250,3.6,2.1
9587.294,3.125,13.0,2.1
10131.287,3.125,5.8,2.1
9583.942,3.125,11.8,2.1
10172.925,3.125,6.0,2.1
9579.079,46.875,10.7,2.1
10160.985,3.125,6.7,2.1
6379.872,6.250,17.4,2.1
10168.277,3.125,8.1,2.1
9582.222,3.125,8.7,2.1
10161.861,59.375,9.4,2.1
9570.137,3.125,6.7,2.1
10202.550,3.125,13.5,2.1
9591.847,3.125,4.5,2.1
10149.086,3.125,13.9,2.1
9662.495,46.875,3.5,2.1
9596.098,3.125,12.5,2.1
10233.870,3.125,6.5,2.1
9583.183,3.125,10.9,2.1
10245.634,3.125,6.7,2.1
9215.286,165903.125,10.3,2.1
10215.677,3.125,7.3,2.1
8608.763,3.125,10.6,2.1
8907.722,3.125,9.3,2.1
8966.675,3.125,6.7,2.1
10205.212,46.875,11.9,2.1
7533.926,6.250,4.5,2.1
7977.139,3.125,21.9,2.1
9591.754,3.125,3.8,2.1
9586.671,3.125,14.0,2.1
10238.374,59.375,3.3,2.1
9587.674,3.125,12.5,2.1
9951.414,3.125,6.7,2.1
8480.170,3.125,11.3,2.1
9809.644,3.125,6.0,2.1
9581.015,75.000,10.6,2.1
10228.166,3.125,6.7,2.1
9596.429,3.125,12.1,2.1
10233.080,3.125,7.2,2.1
9579.077,3.125,9.6,2.1
10213.376,62521.875,8.2,2.1
9584.320,105187.500,8.1,2.1
10232.599,3.125,11.8,2.1
8629.708,3.125,5.6,2.1
10227.625,3.125,12.6,2.1
9579.903,56.250,4.2,2.1
4951.669,6.250,20.1,2.1
9594.324,3.125,5.5,2.1
9573.303,3.125,13.9,2.1
10240.031,3.125,3.7,2.1
9582.086,59.375,12.1,2.1
10241.776,3.125,5.2,2.1
9596.645,3.125,12.5,2.1
10245.897,3.125,7.0,2.1
9579.974,3.125,9.7,2.1
10249.730,46.875,8.7,2.1
9580.997,3.125,7.0,2.1
10253.240,3.125,14.0,2.1
9594.291,3.125,4.2,2.1
9581.355,3.125,13.9,2.1
10241.585,50.000,3.6,2.1
9591.136,166943.750,12.1,2.1
10254.768,3.125,7.2,2.1
9578.665,3.125,10.7,2.1
10259.004,3.125,6.7,2.1
2918.842,90.625,16.5,2.1
10265.152,71.875,7.8,2.1
9595.091,3.125,11.0,2.1
10238.582,3.125,9.4,2.1
7953.835,96.875,7.1,2.1
8522.539,53.125,11.1,2.1
8681.714,3.125,5.4,2.1
10047.495,3.125,14.6,2.1
9588.156,3.125,4.2,2.1
9585.165,3.125,13.4,2.1
10231.366,50.000,4.0,2.1
9594.672,165003.125,12.1,2.1
10236.566,1603.125,7.1,2.1
9576.764,3.125,10.7,2.1
7633.402,3.125,6.8,2.1
8779.007,71.875,10.6,2.1
10287.010,212.500,7.0,2.1
9600.156,3.125,11.3,2.1
10246.367,3.125,8.5,2.1
9582.957,3.125,8.2,2.1
6270.379,6.250,16.6,2.1
3424.619,59.375,8.5,2.1
853.281,15.625,35.2,2.1
159.041,12.500,4.0,2.1
720.503,12.500,32.8,2.1
147.011,12.500,3.6,2.1
61.616,6.250,20.6,2.1
576.015,62.500,3.6,2.1
0.320,3.125,12.9,2.1
593.521,3.125,4.0,2.1
0.320,3.125,11.7,2.1
583.611,20803.125,5.4,2.1
11.328,145662.500,11.3,2.1
585.059,3.125,5.9,2.1
